[{'lmList': [[195, 406, 0], [239, 384, -14], [273, 348, -18], [290, 315, -22], [297, 286, -25], [240, 291, -3], [259, 251, -14], [272, 229, -25], [285, 210, -33], [214, 283, -5], [226, 236, -15], [237, 206, -26], [249, 183, -34], [188, 285, -11], [195, 240, -23], [208, 214, -35], [224, 195, -42], [159, 297, -18], [143, 262, -31], [148, 242, -38], [162, 227, -43]], 'bbox': (143, 183, 154, 223), 'center': (220, 294), 'type': 'Right'}]
[[[136 132 137]
  [137 133 138]
  [137 133 138]
  ...
  [120 114 124]
  [118 114 121]
  [116 112 117]]

 [[136 132 137]
  [138 134 139]
  [138 134 139]
  ...
  [117 111 122]
  [118 112 120]
  [117 112 117]]

 [[136 132 137]
  [137 133 138]
  [137 133 138]
  ...
  [114 108 118]
  [116 110 117]
  [115 109 115]]

 ...

 [[143 138 137]
  [143 138 137]
  [143 138 137]
  ...
  [ 94  79  90]
  [ 87  72  83]
  [ 86  71  82]]

 [[145 141 139]
  [145 141 139]
  [145 141 139]
  ...
  [ 93  78  88]
  [ 89  74  84]
  [ 87  72  82]]

 [[145 141 139]
  [145 141 139]
  [144 140 138]
  ...
  [ 92  77  86]
  [ 89  75  84]
  [ 87  72  82]]]
